
34 towers (not on bad tower list) with HT trigger freq > 0.014 :

2024, 2026, 2029, 2030, 2042, 2047, 2048, 2049, 2050, 2052, 2058, 2061, 2062, 2067, 2068, 2069, 2072, 2081, 2082, 2083, 2086, 2088, 2089, 2090, 2109, 2112, 2122, 2127, 2129, 2130, 2131, 2132, 2145, 2147, 2149, 2150, 2152, 2161, 2167, 2169, 2171, 2172



TH1D
hTowEt->ProjectionY("_2026",2026,2026)->Draw()



int[34] = { 2024, 2026, 2029, 2030, 2042, 2047, 2048, 2049, 2050, 2052, 2058, 2061, 2062, 2067, 2068, 2069, 2072, 2081, 2082, 2083, 2086, 2088, 2089, 2090, 2109, 2112, 2122, 2127, 2129, 2130, 2131, 2132, 2145, 2147, 2149, 2150, 2152, 2161, 2167, 2169, 2171, 2172 }
