  #good-id      runId   dur(sec)
         1   16125035        748
         2   16125039       1652
         3   16125043       1640
         4   16125050       1810
         5   16125053       1796
         6   16125054       1800
         7   16125056       1929
         8   16125057       1806
         9   16126006       1890
        10   16126007       1978
        11   16126008       1397
        12   16126009       1884
        13   16126010       2108
        14   16126011       1897
        15   16126012       1815
        16   16126013       2278
        17   16126015       1852
        18   16126016       1826
        19   16126017       1843
        20   16126018       1090
        21   16126030       1743
        22   16126031       1770
        23   16126032       1830
        24   16126033       1808
        25   16126034       1996
        26   16126035        780
        27   16126036       1710
        28   16126037       1802
        29   16126038       1806
        30   16126039       1802
        31   16126040       1806
        32   16126041       1764
        33   16126042       1802
        34   16126043       1477
        35   16126044       1471
        36   16126050       1511
        37   16126051       1803
        38   16126052       1794
        39   16126053       1486
        40   16127007       1609
        41   16127008       1815
        42   16127010       2095
        43   16127011       1840
        44   16127012       1084
        45   16127013       2029
        46   16127014       1804
        47   16127015       1870
        48   16127016        834
        49   16127017       1991
        50   16127018       1792
        51   16127019       1805
        52   16127020       1805
        53   16127021       1798
        54   16127023        645
        55   16127025       1799
        56   16127026       1795
        57   16127027       1177
        58   16127028       1791
        59   16127029       1782
        60   16127030       1267
        61   16127031       1733
        62   16127032       1634
        63   16127033        629
        64   16127047       1843
        65   16127052       1792
        66   16127053       1482
        67   16127055       1972
        68   16128001       2000
        69   16128002       1810
        70   16128003       1415
        71   16128007       2164
        72   16128008       1057
        73   16128012       1822
        74   16128015       1909
        75   16128016       1197
        76   16128021       1905
        77   16128022       1789
        78   16128028        822
        79   16128029        904
        80   16128030       1677
        81   16128034        768
        82   16128035        706
        83   16128036       1757
        84   16128037       1906
        85   16128039       1708
        86   16128040       1759
        87   16128041       1775
        88   16128043       1804
        89   16128048       1785
        90   16128049       1802
        91   16128050       1809
        92   16128051       1806
        93   16128052       1080
        94   16128055       1984
        95   16128057        698
        96   16128058       1827
        97   16128059       1732
        98   16128064       1891
        99   16128065       1189
       100   16129001       2096
       101   16129002       1917
       102   16129003       1820
       103   16129004       1844
       104   16129005       1848
       105   16129006       1559
       106   16129007       1588
       107   16129008       2039
       108   16129009       1870
       109   16129010       1757
       110   16129011       1810
       111   16129013        679
       112   16129014       1342
       113   16129022       2021
       114   16129023       1754
       115   16129025       1788
       116   16129029       1784
       117   16129030       1506
       118   16129031       1717
       119   16129032       1849
       120   16129033       1795
       121   16129034       1804
       122   16129035       1804
       123   16129036        957
       124   16129037       1801
       125   16129038       1805
       126   16129039       1653
       127   16129043       1493
       128   16129044       1787
       129   16129045       1795
       130   16129046       1817
       131   16129047       1798
       132   16129048       1791
       133   16129049       1801
       134   16129050       1850
       135   16129051       1835
       136   16130001       1808
       137   16130002       1823
       138   16130003       1372
       139   16130004       1815
       140   16130005       1248
       141   16130033       1724
       142   16130034       1799
       143   16130035       1801
       144   16130038       1792
       145   16130040       1804
       146   16130044       1778
       147   16130045       1291
       148   16130046       1766
       149   16130047       1316
       150   16130048       1804
       151   16130049       1803
       152   16130051       1792
       153   16130052       2306
       154   16131004       1806
       155   16131005       1827
       156   16131006       1823
       157   16131007       1810
       158   16131008       1851
       159   16131009       1811
       160   16131010       1808
       161   16131011       1831
       162   16131012       2010
       163   16131013       1834
       164   16131014       1996
       165   16131028       1302
       166   16131030       1155
       167   16131039       1806
       168   16131041       2032
       169   16131042       1789
       170   16131043       1809
       171   16131044       1801
       172   16131047       1797
       173   16131049       1790
       174   16131050       1563
       175   16132001       1878
       176   16132003       1387
       177   16132021       1693
       178   16132022       1156
       179   16132023       1821
       180   16132024       2052
       181   16132025       1828
       182   16132026       1798
       183   16132027       1805
       184   16132030       1905
       185   16132032       1827
       186   16132048        606
       187   16132049       1829
       188   16132050       1886
       189   16132051       1817
       190   16132053       1813
       191   16132054       1836
       192   16133001       2305
       193   16133002       1808
       194   16133003       1817
       195   16133004       1809
       196   16133006       1809
       197   16133007       1809
       198   16133008       1807
       199   16133009       1828
       200   16133010       1806
       201   16133011       1809
       202   16133013       1819
       203   16133086       2197
       204   16133087       1829
       205   16133088       1866
       206   16133089       1901
       207   16133091       1938
       208   16133092       1843
       209   16133093       1808
       210   16134001       1811
       211   16134002       1814
       212   16134003       1164
       213   16134004       1805
       214   16134005       1067
       215   16134013       1810
       216   16134014       1952
       217   16134015       1828
       218   16134016       1398
       219   16134017       1995
       220   16134018       1893
       221   16134019       2143
       222   16134028       2413
       223   16134029       1833
       224   16134030       1457
       225   16134043       1249
       226   16134044       1853
       227   16134045       1872
       228   16134046       1951
       229   16134047       1827
       230   16134048       1359
       231   16134054       1869
       232   16134055       1807
       233   16135001       1795
       234   16135002       1786
       235   16135003       1806
       236   16135004       1806
       237   16135005       1810
       238   16135006       1418
       239   16135007       1873
       240   16135008       1815
       241   16135009       1810
       242   16135010       1985
       243   16135011       2088
       244   16135013       1858
       245   16135014       1091
       246   16135025        792
       247   16135032       1810
       248   16135033       1809
       249   16135034       1287
       250   16135035       1870
       251   16135036       1752
       252   16135037       1829
       253   16135038       1818
       254   16135039       1899
       255   16135040       1123
       256   16135041       1852
       257   16135043       1378
       258   16135048       1920
       259   16135049        962
       260   16135053        651
       261   16135056       1760
       262   16135061       1803
       263   16136001       1186
       264   16136002       1802
       265   16136003       1809
       266   16136004        944
       267   16136011       1870
       268   16136013       1809
       269   16136014       1803
       270   16136016       1818
       271   16136017       2194
       272   16136035       1380
       273   16136036       2093
       274   16136043       1864
       275   16136044       1841
       276   16136045       1311
       277   16136046       1824
       278   16136047       1734
       279   16136048       1812
       280   16136049       1861
       281   16136050       1833
       282   16136051       1593
       283   16136052       1867
       284   16136053       2279
       285   16136057       1807
       286   16137001       1840
       287   16137002       1835
       288   16137003       1894
       289   16137004       1803
       290   16137005       1462
       291   16137006       1817
       292   16137007       1815
       293   16137008       1035
       294   16137010       1809
       295   16137011       1979
       296   16137012       1906
       297   16137013       2063
       298   16137017       1929
       299   16137018       2018
       300   16137019       1838
       301   16137020       1832
       302   16137021       2832
       303   16137022        949
       304   16137028       1868
       305   16137029       2226
       306   16137030       1854
       307   16137031       1167
       308   16137032       1829
       309   16137033       1250
       310   16137038       1818
       311   16137039       1914
       312   16137040       1874
       313   16137041       1910
       314   16137042       1850
       315   16137043       1990
       316   16137045       1835
       317   16137046       1838
       318   16137047       1872
       319   16137048       1853
       320   16137049       2109
       321   16137052       1170
       322   16138014       1838
       323   16138015       1809
       324   16138016       1814
       325   16138017       1901
       326   16138021       1804
       327   16138022       1965
       328   16138023       1879
       329   16138024       1844
       330   16138025       1854
       331   16138026        864
       332   16138027       1863
       333   16138028       2032
       334   16138029       1225
       335   16138040       1474
       336   16138042       1811
       337   16138044       1843
       338   16138045       1829
       339   16138046       1981
       340   16138047       1814
       341   16138048       1822
       342   16138049       1899
       343   16138050       1944
       344   16138051       1885
       345   16138052       1831
       346   16138054       1818
       347   16138059       1691
       348   16138061       1809
       349   16138062       1843
       350   16138063       1839
       351   16138064       1934
       352   16138065        795
       353   16138066        969
       354   16139002       1805
       355   16139003       1818
       356   16139004       1815
       357   16139005       1798
       358   16139007       1002
       359   16139008       1818
       360   16139009       1796
       361   16139010       1818
       362   16139011       1799
       363   16139012       1812
       364   16139013        821
       365   16139021        735
       366   16139022       1823
       367   16139023       1812
       368   16139024       1723
       369   16139025       1829
       370   16139026       1520
       371   16139027       1440
       372   16139028       1821
       373   16139029       1827
       374   16139030       2010
       375   16139031       1393
       376   16139032       1269
       377   16139033       1806
       378   16139034        698
       379   16139054       1423
       380   16139055       1884
       381   16139056       1812
       382   16139057       1815
       383   16140001       1810
       384   16140002       1842
       385   16140003       1805
       386   16140004       1234
       387   16140008       1792
       388   16140009       1797
       389   16140010       2169
       390   16140012       1839
       391   16140013       1801
       392   16141007       1821
       393   16141008       1804
       394   16141009       2361
       395   16141014       1838
       396   16141016       1826
       397   16141017        662
       398   16141018       1265
       399   16141021       1805
       400   16141022        907
       401   16141029       1019
       402   16141032       1805
       403   16141033       1802
       404   16141034       1809
       405   16141035       1824
       406   16141038       1810
       407   16141040       1736
       408   16141049       1857
       409   16141050       1799
       410   16142001       1825
       411   16142003       1800
       412   16142004       1803
       413   16142006       1835
       414   16142007       1809
       415   16142008       1804
       416   16142010       1817
       417   16142012       1801
       418   16142013        744
       419   16142014       1843
       420   16142015        908
       421   16142022       1384
       422   16142024       1767
       423   16142025        616
       424   16142027       1803
       425   16142028       1820
       426   16142032       2206
       427   16142035       1807
       428   16142036       1799
       429   16142037       1807
       430   16142038       1796
       431   16142039       1785
       432   16142044       1780
       433   16142061       1801
       434   16142065       1808
       435   16142066       1806
       436   16142067       1804
       437   16142068       1986
       438   16142069       1173
       439   16142070       1821
       440   16142071       1805
       441   16142072       1677
       442   16142076       1808
       443   16142077       1582
       444   16142079       1696
       445   16142080       2189
       446   16143002       1871
       447   16143003       1798
       448   16143004       1815
       449   16143005       1800
       450   16143006       1799
       451   16143007        853
       452   16143009       1822
       453   16143010       1807
       454   16143011       1801
       455   16143013       1804
       456   16143014        859
       457   16143015       1851
       458   16143016       1371
       459   16143018        944
       460   16143019       2257
       461   16143020       1778
       462   16143021       1809
       463   16143022       1223
       464   16143031       1023
       465   16143032       1801
       466   16143033       1774
       467   16143034       1833
       468   16143035       1804
       469   16143036       1882
       470   16143038       1485
       471   16143039       1599
       472   16143040       2018
       473   16143041       1875
       474   16143042       1802
       475   16143043       1287
       476   16143044       1806
       477   16143045       1690
       478   16143052       1860
       479   16143053       1806
       480   16143054       1809
       481   16143055       1802
       482   16143056       1640
       483   16143057       1539
       484   16143058       1817
       485   16143059       1828
       486   16144001       1802
       487   16144002       1804
       488   16144003       1805
       489   16144004       1242
       490   16144005       1804
       491   16144007        950
       492   16144013       1807
       493   16144014       1806
       494   16144015       1814
       495   16144016       1891
       496   16144019       1813
       497   16144020       1691
       498   16144021       1807
       499   16144023       1803
       500   16144024       1745
       501   16144026       1392
       502   16144038        934
       503   16144039       1800
       504   16144040       1965
       505   16144042       1805
       506   16144056       1819
       507   16144061       1595
       508   16144065       1826
       509   16144070       1831
       510   16144071       1784
       511   16144073       1807
       512   16144075       1802
       513   16144076        783
       514   16145003       1613
       515   16145010       1823
       516   16145011       1800
       517   16145012       1801
       518   16145013       1800
       519   16145014       1808
       520   16145015        859
       521   16145016       1812
       522   16145017       1783
       523   16145018       1828
       524   16145019       1903
       525   16145020       1753
       526   16145021       1582
       527   16145022       1856
       528   16145023       2136
       529   16145035       1501
       530   16145036       1793
       531   16145039       1803
       532   16145040       1799
       533   16145041       1685
       534   16145042       1687
       535   16145043       1804
       536   16145044       1810
       537   16145045       1807
       538   16145046       1803
       539   16145048       1825
       540   16145049       1734
       541   16145050       1242
       542   16145055       1964
       543   16145056       1811
       544   16145057       1812
       545   16145058       1810
       546   16145059       1486
       547   16145060       1510
       548   16145061       1871
       549   16146003       1837
       550   16146004       1864
       551   16146005       1932
       552   16146007       1823
       553   16146008       1566
       554   16146015       1399
       555   16146016       1816
       556   16146051       1282
       557   16146052        682
       558   16146097       1473
       559   16146098       1812
       560   16146100       1541
       561   16146106       1414
       562   16146107       1817
       563   16146109       1813
       564   16146111       1813
       565   16146112       1496
       566   16146114       1014
       567   16146115       1971
       568   16146116       1883
       569   16146117       1262
       570   16146118       1806
       571   16146119       1369
       572   16147006       1825
       573   16147007       1821
       574   16147008       1816
       575   16147009       1812
       576   16147010       1816
       577   16147012        846
       578   16147013       1781
       579   16147014       1826
       580   16147056       1351
       581   16147057       1811
       582   16147058        668
       583   16147059       1804
       584   16147061       1505
       585   16147062        659
       586   16147063       1805
       587   16147064       1806
       588   16147065       1806
       589   16147066       1811
       590   16147067       1819
       591   16147068        951
       592   16147069       1806
       593   16147070       1714
       594   16148002       1901
       595   16148003       1250
       596   16148004       1807
       597   16148005       1817
       598   16148006       1813
       599   16148007       1669
       600   16148008       1811
       601   16148009       1800
       602   16148010       1930
       603   16148019       1961
       604   16148020       1815
       605   16148021        767
       606   16148022       1213
       607   16149044       1601
       608   16149049       1805
       609   16149050       1791
       610   16149052       1820
       611   16149053       1784
       612   16149054       1845
       613   16149055       1754
       614   16149056       1810
       615   16150004       1028
       616   16150010       1816
       617   16150011       1813
       618   16150012       1807
       619   16150013       1149
       620   16150014       1807
       621   16150015       1681
       622   16150018       1072
       623   16150019       2018
       624   16150020       1832
       625   16150021       1828
       626   16150022       1804
       627   16150023       1821
       628   16150024       1382
       629   16150044       1824
       630   16150045       1803
       631   16150046       1784
       632   16150048       1809
       633   16150049       1704
       634   16150052       1804
       635   16150054       1802
       636   16150055       1791
       637   16150056       1808
       638   16150057       1454
       639   16150058        874
       640   16150059       1737
       641   16150061        762
       642   16150065       1986
       643   16150066       1806
       644   16151001       1845
       645   16151002       1813
       646   16151022        819
       647   16151023        811
       648   16151024       1143
       649   16151025       1824
       650   16151026       1171
       651   16151027       1812
       652   16151028       1993
       653   16151029       1852
       654   16151030        890
       655   16151031       1811
       656   16151032       1831
       657   16151034       1287
       658   16151035       1158
       659   16151041       1809
       660   16151042       1787
       661   16151043       1718
       662   16151044       1783
       663   16151045       1805
       664   16151046       1459
       665   16151048       1782
       666   16151049       1801
       667   16151050       1495
       668   16151053        984
       669   16151055       1856
       670   16151056       1878
       671   16151062       1122
       672   16152007       1868
       673   16152008       1809
       674   16152009       1775
       675   16152019       1814
       676   16152021       1834
       677   16152022       2192
       678   16152024       1811
       679   16152025       1814
       680   16152028       1810
       681   16152029       1896
       682   16152030       1810
       683   16152031       1818
       684   16152032       1221
       685   16152034       1468
       686   16152035       1469
       687   16152045       1747
       688   16152046       1759
       689   16152047       1900
       690   16152049       1801
       691   16152051       1115
       692   16152052       1792
       693   16152054       1800
       694   16152057       1798
       695   16152058       2321
       696   16152059       1804
       697   16153001        857
       698   16153007       1828
       699   16153009       1824
       700   16153010       2161
       701   16153011       1894
       702   16153012        767
       703   16153013       1363
       704   16153014       1436
       705   16153015       1810
       706   16153016       1832
       707   16153019       1840
       708   16153021       1823
       709   16153022       1503
       710   16153032       1815
       711   16153033        603
       712   16153034       1772
       713   16153036       1243
       714   16153037        955
       715   16153039       2029
       716   16153040       1883
       717   16153041       1808
       718   16153042       1815
       719   16153043       1878
       720   16153044       1808
       721   16153047       1889
       722   16153048       1361
       723   16154003       1691
       724   16154004       1532
       725   16154005       1964
       726   16154006       1854
       727   16154008       1070
       728   16154009       1227
       729   16154011        896
       730   16154022       1829
       731   16155001       1808
       732   16155002       1924
       733   16155003       1595
       734   16155004       1146
       735   16155006       1170
       736   16155007       1804
       737   16155008       1802
       738   16155011        815
       739   16155012       1824
       740   16155013       1806
       741   16155014       2128
       742   16155015       1792
       743   16155016       1831
       744   16155019       1761
       745   16155028       1808
       746   16155032       1814
       747   16155034       1719
       748   16155038       1807
       749   16155041       1840
       750   16155042       1809
       751   16155047       1800
       752   16155048       1508
       753   16156005       1807
       754   16156007       1845
       755   16156008       1812
       756   16156009       1804
       757   16156011        972
       758   16156013       1800
       759   16156014       1804
       760   16156015       1809
       761   16156017       1809
       762   16156019       1809
       763   16156020       1753
       764   16156021       1821
       765   16156022       1235
       766   16156043       1545
       767   16156048       1809
       768   16156049       1842
       769   16156050       1388
       770   16156051       1837
       771   16156052       1805
       772   16156053       1852
       773   16156054       1805
       774   16156056       2341
       775   16156057       1767
       776   16157004       1826
       777   16157005       1808
       778   16157006       1816
       779   16157007       1081
       780   16157013       1590
       781   16157015        649
       782   16157016       1110
       783   16157018       1263
       784   16157019        846
       785   16157020       1860
       786   16157021       1803
       787   16157025       1817
       788   16157026       1828
       789   16157027        667
       790   16157035       1562
       791   16157036       1801
       792   16157037       1814
       793   16157038       1894
       794   16157039       2064
       795   16157040       1776
       796   16157042       1810
       797   16157043       1834
       798   16157044       1903
       799   16157045       1785
       800   16157046       1649
       801   16157062       1803
       802   16157063       1810
       803   16157064       1802
       804   16157065       1808
       805   16157066        745
       806   16157068       1818
       807   16157069       1002
       808   16157072        723
       809   16157073       1902
       810   16158001       1166
       811   16158002       1070
       812   16158005       1993
       813   16158006        932
       814   16158016       1657
       815   16158017       1803
       816   16158018       2013
       817   16158019       1863
       818   16158020       1760
       819   16158023       1807
       820   16158024       1857
       821   16158027        641
       822   16158030       1814
       823   16158031       1914
       824   16158033       1829
       825   16158045       1050
       826   16158046        757
       827   16158047       1679
       828   16158048       1843
       829   16158049       1806
       830   16158051       1254
       831   16158062       1807
       832   16158064       1814
       833   16158066       1809
       834   16158069       1808
       835   16158070       1853
       836   16159002       1805
       837   16159003       1811
       838   16159004       1042
       839   16159011       1853
       840   16159012       1802
       841   16159013       2016
       842   16159014       1799
       843   16159017       1780
       844   16159018       2207
       845   16159020       1654
       846   16159023       1848
       847   16159024        834
