  #good-id      runId   dur(sec)
         1   16125035        748
         2   16125039       1652
         3   16125043       1640
         4   16125050       1810
         5   16125053       1796
         6   16125054       1800
         7   16125056       1929
         8   16125057       1806
         9   16126006       1890
        10   16126007       1978
        11   16126008       1397
        12   16126009       1884
        13   16126010       2108
        14   16126011       1897
        15   16126012       1815
        16   16126013       2278
        17   16126015       1852
        18   16126016       1826
        19   16126017       1843
        20   16126018       1090
        21   16126030       1743
        22   16126031       1770
        23   16126032       1830
        24   16126033       1808
        25   16126034       1996
        26   16126035        780
        27   16126036       1710
        28   16126037       1802
        29   16126038       1806
        30   16126039       1802
        31   16126040       1806
        32   16126041       1764
        33   16126042       1802
        34   16126043       1477
        35   16126044       1471
        36   16126050       1511
        37   16126051       1803
        38   16126052       1794
        39   16126053       1486
        40   16127007       1609
        41   16127008       1815
        42   16127010       2095
        43   16127011       1840
        44   16127012       1084
        45   16127013       2029
        46   16127014       1804
        47   16127015       1870
        48   16127016        834
        49   16127017       1991
        50   16127018       1792
        51   16127019       1805
        52   16127020       1805
        53   16127021       1798
        54   16127023        645
        55   16127025       1799
        56   16127026       1795
        57   16127027       1177
        58   16127028       1791
        59   16127029       1782
        60   16127030       1267
        61   16127031       1733
        62   16127032       1634
        63   16127033        629
        64   16127047       1843
        65   16127052       1792
        66   16127053       1482
        67   16127055       1972
        68   16128001       2000
        69   16128002       1810
        70   16128003       1415
        71   16128007       2164
        72   16128008       1057
        73   16128012       1822
        74   16128015       1909
        75   16128016       1197
        76   16128021       1905
        77   16128022       1789
        78   16128028        822
        79   16128029        904
        80   16128030       1677
        81   16128034        768
        82   16128035        706
        83   16128036       1757
        84   16128037       1906
        85   16128039       1708
        86   16128040       1759
        87   16128041       1775
        88   16128043       1804
        89   16128048       1785
        90   16128049       1802
        91   16128050       1809
        92   16128051       1806
        93   16128052       1080
        94   16128055       1984
        95   16128057        698
        96   16128058       1827
        97   16128059       1732
        98   16128064       1891
        99   16128065       1189
       100   16129001       2096
       101   16129002       1917
       102   16129003       1820
       103   16129004       1844
       104   16129005       1848
       105   16129006       1559
       106   16129007       1588
       107   16129008       2039
       108   16129009       1870
       109   16129010       1757
       110   16129011       1810
       111   16129013        679
       112   16129014       1342
       113   16129022       2021
       114   16129023       1754
       115   16129025       1788
       116   16129029       1784
       117   16129030       1506
       118   16129031       1717
       119   16129032       1849
       120   16129033       1795
       121   16129034       1804
       122   16129035       1804
       123   16129036        957
       124   16129037       1801
       125   16129038       1805
       126   16129039       1653
       127   16129043       1493
       128   16129044       1787
       129   16129045       1795
       130   16129046       1817
       131   16129047       1798
       132   16129048       1791
       133   16129049       1801
       134   16129050       1850
       135   16129051       1835
       136   16130001       1808
       137   16130002       1823
       138   16130003       1372
       139   16130004       1815
       140   16130005       1248
       141   16130033       1724
       142   16130034       1799
       143   16130035       1801
       144   16130038       1792
       145   16130040       1804
       146   16130044       1778
       147   16130045       1291
       148   16130046       1766
       149   16130048       1804
       150   16130049       1803
       151   16130051       1792
       152   16130052       2306
       153   16131004       1806
       154   16131005       1827
       155   16131006       1823
       156   16131007       1810
       157   16131008       1851
       158   16131009       1811
       159   16131010       1808
       160   16131011       1831
       161   16131012       2010
       162   16131013       1834
       163   16131014       1996
       164   16131028       1302
       165   16131030       1155
       166   16131039       1806
       167   16131041       2032
       168   16131042       1789
       169   16131043       1809
       170   16131044       1801
       171   16131047       1797
       172   16131049       1790
       173   16131050       1563
       174   16132001       1878
       175   16132003       1387
       176   16132021       1693
       177   16132022       1156
       178   16132023       1821
       179   16132024       2052
       180   16132025       1828
       181   16132026       1798
       182   16132027       1805
       183   16132030       1905
       184   16132032       1827
       185   16132048        606
       186   16132049       1829
       187   16132050       1886
       188   16132051       1817
       189   16132053       1813
       190   16132054       1836
       191   16133001       2305
       192   16133002       1808
       193   16133003       1817
       194   16133004       1809
       195   16133006       1809
       196   16133007       1809
       197   16133008       1807
       198   16133009       1828
       199   16133010       1806
       200   16133011       1809
       201   16133013       1819
       202   16133086       2197
       203   16133087       1829
       204   16133088       1866
       205   16133089       1901
       206   16133091       1938
       207   16133092       1843
       208   16133093       1808
       209   16134001       1811
       210   16134002       1814
       211   16134003       1164
       212   16134004       1805
       213   16134005       1067
       214   16134013       1810
       215   16134014       1952
       216   16134015       1828
       217   16134016       1398
       218   16134017       1995
       219   16134018       1893
       220   16134019       2143
       221   16134028       2413
       222   16134029       1833
       223   16134030       1457
       224   16134043       1249
       225   16134044       1853
       226   16134045       1872
       227   16134046       1951
       228   16134047       1827
       229   16134048       1359
       230   16134054       1869
       231   16134055       1807
       232   16135001       1795
       233   16135002       1786
       234   16135003       1806
       235   16135004       1806
       236   16135005       1810
       237   16135006       1418
       238   16135007       1873
       239   16135008       1815
       240   16135009       1810
       241   16135010       1985
       242   16135011       2088
       243   16135013       1858
       244   16135014       1091
       245   16135025        792
       246   16135032       1810
       247   16135033       1809
       248   16135034       1287
       249   16135035       1870
       250   16135036       1752
       251   16135037       1829
       252   16135038       1818
       253   16135039       1899
       254   16135040       1123
       255   16135041       1852
       256   16135043       1378
       257   16135048       1920
       258   16135049        962
       259   16135053        651
       260   16135056       1760
       261   16135061       1803
       262   16136001       1186
       263   16136002       1802
       264   16136003       1809
       265   16136004        944
       266   16136011       1870
       267   16136013       1809
       268   16136014       1803
       269   16136016       1818
       270   16136017       2194
       271   16136035       1380
       272   16136036       2093
       273   16136043       1864
       274   16136044       1841
       275   16136045       1311
       276   16136046       1824
       277   16136047       1734
       278   16136048       1812
       279   16136049       1861
       280   16136050       1833
       281   16136051       1593
       282   16136052       1867
       283   16136053       2279
       284   16136057       1807
       285   16137001       1840
       286   16137002       1835
       287   16137003       1894
       288   16137004       1803
       289   16137005       1462
       290   16137006       1817
       291   16137007       1815
       292   16137008       1035
       293   16137010       1809
       294   16137011       1979
       295   16137012       1906
       296   16137013       2063
       297   16137017       1929
       298   16137018       2018
       299   16137019       1838
       300   16137020       1832
       301   16137021       2832
       302   16137022        949
       303   16137028       1868
       304   16137029       2226
       305   16137030       1854
       306   16137031       1167
       307   16137032       1829
       308   16137033       1250
       309   16137038       1818
       310   16137039       1914
       311   16137040       1874
       312   16137041       1910
       313   16137042       1850
       314   16137043       1990
       315   16137045       1835
       316   16137046       1838
       317   16137047       1872
       318   16137048       1853
       319   16137049       2109
       320   16137052       1170
       321   16138014       1838
       322   16138015       1809
       323   16138016       1814
       324   16138017       1901
       325   16138021       1804
       326   16138022       1965
       327   16138023       1879
       328   16138024       1844
       329   16138025       1854
       330   16138026        864
       331   16138027       1863
       332   16138028       2032
       333   16138029       1225
       334   16138040       1474
       335   16138042       1811
       336   16138044       1843
       337   16138045       1829
       338   16138046       1981
       339   16138047       1814
       340   16138048       1822
       341   16138049       1899
       342   16138050       1944
       343   16138051       1885
       344   16138052       1831
       345   16138054       1818
       346   16138059       1691
       347   16138061       1809
       348   16138062       1843
       349   16138063       1839
       350   16138064       1934
       351   16138065        795
       352   16138066        969
       353   16139002       1805
       354   16139003       1818
       355   16139004       1815
       356   16139005       1798
       357   16139007       1002
       358   16139008       1818
       359   16139009       1796
       360   16139010       1818
       361   16139011       1799
       362   16139012       1812
       363   16139013        821
       364   16139021        735
       365   16139022       1823
       366   16139023       1812
       367   16139024       1723
       368   16139025       1829
       369   16139026       1520
       370   16139027       1440
       371   16139028       1821
       372   16139029       1827
       373   16139030       2010
       374   16139031       1393
       375   16139032       1269
       376   16139033       1806
       377   16139034        698
       378   16139054       1423
       379   16139055       1884
       380   16139056       1812
       381   16139057       1815
       382   16140001       1810
       383   16140002       1842
       384   16140003       1805
       385   16140004       1234
       386   16140008       1792
       387   16140009       1797
       388   16140010       2169
       389   16140012       1839
       390   16140013       1801
       391   16141007       1821
       392   16141008       1804
       393   16141009       2361
       394   16141014       1838
       395   16141016       1826
       396   16141017        662
       397   16141018       1265
       398   16141021       1805
       399   16141022        907
       400   16141029       1019
       401   16141032       1805
       402   16141033       1802
       403   16141034       1809
       404   16141035       1824
       405   16141038       1810
       406   16141040       1736
       407   16141049       1857
       408   16141050       1799
       409   16142001       1825
       410   16142003       1800
       411   16142004       1803
       412   16142006       1835
       413   16142007       1809
       414   16142008       1804
       415   16142010       1817
       416   16142012       1801
       417   16142013        744
       418   16142014       1843
       419   16142015        908
       420   16142022       1384
       421   16142024       1767
       422   16142025        616
       423   16142027       1803
       424   16142028       1820
       425   16142032       2206
       426   16142035       1807
       427   16142036       1799
       428   16142037       1807
       429   16142038       1796
       430   16142039       1785
       431   16142044       1780
       432   16142061       1801
       433   16142065       1808
       434   16142066       1806
       435   16142067       1804
       436   16142068       1986
       437   16142069       1173
       438   16142070       1821
       439   16142071       1805
       440   16142072       1677
       441   16142076       1808
       442   16142077       1582
       443   16142079       1696
       444   16142080       2189
       445   16143002       1871
       446   16143003       1798
       447   16143004       1815
       448   16143005       1800
       449   16143006       1799
       450   16143007        853
       451   16143009       1822
       452   16143010       1807
       453   16143011       1801
       454   16143013       1804
       455   16143014        859
       456   16143015       1851
       457   16143016       1371
       458   16143018        944
       459   16143019       2257
       460   16143020       1778
       461   16143021       1809
       462   16143022       1223
       463   16143031       1023
       464   16143032       1801
       465   16143033       1774
       466   16143034       1833
       467   16143035       1804
       468   16143036       1882
       469   16143038       1485
       470   16143039       1599
       471   16143040       2018
       472   16143041       1875
       473   16143042       1802
       474   16143043       1287
       475   16143044       1806
       476   16143045       1690
       477   16143052       1860
       478   16143053       1806
       479   16143054       1809
       480   16143055       1802
       481   16143056       1640
       482   16143057       1539
       483   16143058       1817
       484   16143059       1828
       485   16144001       1802
       486   16144002       1804
       487   16144003       1805
       488   16144004       1242
       489   16144005       1804
       490   16144007        950
       491   16144013       1807
       492   16144014       1806
       493   16144015       1814
       494   16144016       1891
       495   16144019       1813
       496   16144020       1691
       497   16144021       1807
       498   16144023       1803
       499   16144024       1745
       500   16144026       1392
       501   16144038        934
       502   16144039       1800
       503   16144040       1965
       504   16144042       1805
       505   16144056       1819
       506   16144061       1595
       507   16144065       1826
       508   16144070       1831
       509   16144071       1784
       510   16144073       1807
       511   16144075       1802
       512   16144076        783
       513   16145003       1613
       514   16145010       1823
       515   16145011       1800
       516   16145012       1801
       517   16145013       1800
       518   16145014       1808
       519   16145015        859
       520   16145016       1812
       521   16145017       1783
       522   16145018       1828
       523   16145019       1903
       524   16145020       1753
       525   16145021       1582
       526   16145022       1856
       527   16145023       2136
       528   16145035       1501
       529   16145036       1793
       530   16145039       1803
       531   16145040       1799
       532   16145041       1685
       533   16145042       1687
       534   16145043       1804
       535   16145044       1810
       536   16145045       1807
       537   16145046       1803
       538   16145048       1825
       539   16145049       1734
       540   16145050       1242
       541   16145055       1964
       542   16145056       1811
       543   16145057       1812
       544   16145058       1810
       545   16145059       1486
       546   16145060       1510
       547   16145061       1871
       548   16146003       1837
       549   16146004       1864
       550   16146005       1932
       551   16146007       1823
       552   16146008       1566
       553   16146015       1399
       554   16146016       1816
       555   16146051       1282
       556   16146052        682
       557   16146097       1473
       558   16146098       1812
       559   16146100       1541
       560   16146106       1414
       561   16146107       1817
       562   16146109       1813
       563   16146111       1813
       564   16146112       1496
       565   16146114       1014
       566   16146115       1971
       567   16146116       1883
       568   16146117       1262
       569   16146118       1806
       570   16146119       1369
       571   16147006       1825
       572   16147007       1821
       573   16147008       1816
       574   16147009       1812
       575   16147010       1816
       576   16147012        846
       577   16147013       1781
       578   16147014       1826
       579   16147056       1351
       580   16147057       1811
       581   16147058        668
       582   16147059       1804
       583   16147061       1505
       584   16147062        659
       585   16147063       1805
       586   16147064       1806
       587   16147065       1806
       588   16147066       1811
       589   16147067       1819
       590   16147068        951
       591   16147069       1806
       592   16147070       1714
       593   16148002       1901
       594   16148003       1250
       595   16148004       1807
       596   16148005       1817
       597   16148006       1813
       598   16148007       1669
       599   16148008       1811
       600   16148009       1800
       601   16148010       1930
       602   16148019       1961
       603   16148020       1815
       604   16148021        767
       605   16148022       1213
       606   16149044       1601
       607   16149049       1805
       608   16149050       1791
       609   16149052       1820
       610   16149053       1784
       611   16149054       1845
       612   16149055       1754
       613   16149056       1810
       614   16150004       1028
       615   16150010       1816
       616   16150011       1813
       617   16150012       1807
       618   16150013       1149
       619   16150014       1807
       620   16150015       1681
       621   16150018       1072
       622   16150019       2018
       623   16150020       1832
       624   16150021       1828
       625   16150022       1804
       626   16150023       1821
       627   16150024       1382
       628   16150044       1824
       629   16150045       1803
       630   16150046       1784
       631   16150048       1809
       632   16150049       1704
       633   16150052       1804
       634   16150054       1802
       635   16150055       1791
       636   16150056       1808
       637   16150057       1454
       638   16150058        874
       639   16150059       1737
       640   16150061        762
       641   16150065       1986
       642   16150066       1806
       643   16151001       1845
       644   16151002       1813
       645   16151022        819
       646   16151023        811
       647   16151024       1143
       648   16151025       1824
       649   16151026       1171
       650   16151027       1812
       651   16151028       1993
       652   16151029       1852
       653   16151030        890
       654   16151031       1811
       655   16151032       1831
       656   16151034       1287
       657   16151035       1158
       658   16151041       1809
       659   16151042       1787
       660   16151043       1718
       661   16151044       1783
       662   16151045       1805
       663   16151046       1459
       664   16151048       1782
       665   16151049       1801
       666   16151050       1495
       667   16151053        984
       668   16151055       1856
       669   16151056       1878
       670   16151062       1122
       671   16152007       1868
       672   16152008       1809
       673   16152009       1775
       674   16152019       1814
       675   16152021       1834
       676   16152022       2192
       677   16152024       1811
       678   16152025       1814
       679   16152028       1810
       680   16152029       1896
       681   16152030       1810
       682   16152031       1818
       683   16152032       1221
       684   16152034       1468
       685   16152035       1469
       686   16152045       1747
       687   16152046       1759
       688   16152047       1900
       689   16152049       1801
       690   16152051       1115
       691   16152052       1792
       692   16152054       1800
       693   16152057       1798
       694   16152058       2321
       695   16152059       1804
       696   16153001        857
       697   16153007       1828
       698   16153009       1824
       699   16153010       2161
       700   16153011       1894
       701   16153012        767
       702   16153013       1363
       703   16153014       1436
       704   16153015       1810
       705   16153016       1832
       706   16153019       1840
       707   16153021       1823
       708   16153022       1503
       709   16153032       1815
       710   16153033        603
       711   16153034       1772
       712   16153036       1243
       713   16153037        955
       714   16153039       2029
       715   16153040       1883
       716   16153041       1808
       717   16153042       1815
       718   16153043       1878
       719   16153044       1808
       720   16153047       1889
       721   16153048       1361
       722   16154003       1691
       723   16154004       1532
       724   16154005       1964
       725   16154006       1854
       726   16154008       1070
       727   16154009       1227
       728   16154011        896
       729   16154022       1829
       730   16155001       1808
       731   16155002       1924
       732   16155003       1595
       733   16155004       1146
       734   16155006       1170
       735   16155007       1804
       736   16155008       1802
       737   16155011        815
       738   16155012       1824
       739   16155013       1806
       740   16155014       2128
       741   16155015       1792
       742   16155016       1831
       743   16155019       1761
       744   16155028       1808
       745   16155032       1814
       746   16155034       1719
       747   16155038       1807
       748   16155041       1840
       749   16155042       1809
       750   16155047       1800
       751   16155048       1508
       752   16156005       1807
       753   16156007       1845
       754   16156008       1812
       755   16156009       1804
       756   16156011        972
       757   16156013       1800
       758   16156014       1804
       759   16156015       1809
       760   16156017       1809
       761   16156019       1809
       762   16156020       1753
       763   16156021       1821
       764   16156022       1235
       765   16156043       1545
       766   16156048       1809
       767   16156049       1842
       768   16156050       1388
       769   16156051       1837
       770   16156052       1805
       771   16156053       1852
       772   16156054       1805
       773   16156056       2341
       774   16156057       1767
       775   16157004       1826
       776   16157005       1808
       777   16157006       1816
       778   16157007       1081
       779   16157013       1590
       780   16157015        649
       781   16157016       1110
       782   16157018       1263
       783   16157019        846
       784   16157020       1860
       785   16157021       1803
       786   16157025       1817
       787   16157026       1828
       788   16157027        667
       789   16157035       1562
       790   16157036       1801
       791   16157037       1814
       792   16157038       1894
       793   16157039       2064
       794   16157040       1776
       795   16157042       1810
       796   16157043       1834
       797   16157044       1903
       798   16157045       1785
       799   16157046       1649
       800   16157062       1803
       801   16157063       1810
       802   16157064       1802
       803   16157065       1808
       804   16157066        745
       805   16157068       1818
       806   16157069       1002
       807   16157072        723
       808   16157073       1902
       809   16158001       1166
       810   16158002       1070
       811   16158005       1993
       812   16158006        932
       813   16158016       1657
       814   16158017       1803
       815   16158018       2013
       816   16158019       1863
       817   16158020       1760
       818   16158023       1807
       819   16158024       1857
       820   16158027        641
       821   16158030       1814
       822   16158031       1914
       823   16158033       1829
       824   16158045       1050
       825   16158046        757
       826   16158047       1679
       827   16158048       1843
       828   16158049       1806
       829   16158051       1254
       830   16158062       1807
       831   16158064       1814
       832   16158066       1809
       833   16158069       1808
       834   16158070       1853
       835   16159002       1805
       836   16159003       1811
       837   16159004       1042
       838   16159011       1853
       839   16159012       1802
       840   16159013       2016
       841   16159014       1799
       842   16159017       1780
       843   16159018       2207
       844   16159020       1654
       845   16159023       1848
       846   16159024        834
