16125024
16125035
16125039
16125042
16125043
16125050
16125052
16125053
16125054
16125056
16125057
16125058
16125060
16125061
16125062
16125063
16126006
16126007
16126008
16126009
16126010
16126011
16126012
16126013
16126014
16126015
16126016
16126017
16126018
16126030
16126031
16126032
16126033
16126034
16126035
16126036
16126037
16126038
16126039
16126040
16126041
16126042
16126043
16126044
16126050
16126051
16126052
16126053
16127006
16127007
16127008
16127009
16127010
16127011
16127012
16127013
16127014
16127015
16127016
16127017
16127018
16127019
16127020
16127021
16127023
16127024
16127025
16127026
16127027
16127028
16127029
16127030
16127031
16127032
16127033
16127047
16127048
16127049
16127052
16127053
16127055
16128001
16128002
16128003
16128005
16128006
16128007
16128008
16128009
16128010
16128011
16128012
16128014
16128015
16128016
16128020
16128021
16128022
16128028
16128029
16128030
16128031
16128032
16128034
16128035
16128036
16128037
16128038
16128039
16128040
16128041
16128042
16128043
16128044
16128047
16128048
16128049
16128050
16128051
16128052
16128053
16128054
16128055
16128056
16128057
16128058
16128059
16128060
16128062
16128064
16128065
16129001
16129002
16129003
16129004
16129005
16129006
16129007
16129008
16129009
16129010
16129011
16129012
16129013
16129014
16129015
16129016
16129017
16129018
16129019
16129022
16129023
16129025
16129029
16129030
16129031
16129032
16129033
16129034
16129035
16129036
16129037
16129038
16129039
16129043
16129044
16129045
16129046
16129047
16129048
16129049
16129050
16129051
16130001
16130002
16130003
16130004
16130005
16130012
16130015
16130016
16130032
16130033
16130034
16130035
16130038
16130040
16130044
16130045
16130046
16130047
16130048
16130049
16130051
16130052
16131004
16131006
16131007
16131012
16131013
16131014
16131028
16131029
16131030
16132027
16132028
16132030
16132032
16132033
16132046
16132047
16132048
16132049
16132050
16132051
16132052
16132053
16132054
16133001
16133002
16135026
16135031
16135032
16135033
16135034
16135035
16135036
16135037
16135038
16135039
16135040
16135041
16135042
16135043
16135047
16135048
16135049
16135050
16135053
16135054
16135055
16135056
16135057
16135061
16136001
16136002
16136003
16136004
16136011
16136013
16136014
16136015
16136016
16136017
16136018
16136019
16136020
16136021
16136022
16136023
16136024
16136025
16136035
16136036
16136037
16136038
16136040
16136041
16136042
16136043
16136044
16136045
16136046
16136047
